,0
0,0
1,0
2,1
3,1
4,1
5,0
6,1
7,0
8,1
9,1
10,1
11,0
12,0
13,0
14,0
15,0
16,0
17,0
18,0
19,1
20,0
21,0
22,1
23,1
24,0
25,1
26,0
27,0
28,0
29,0
30,1
31,0
32,1
33,1
34,1
35,1
36,0
37,1
38,1
39,1
40,0
41,1
42,1
43,1
44,1
45,0
46,1
47,0
48,0
49,1
50,1
51,0
52,0
53,1
54,1
55,1
56,0
57,0
58,1
59,1
60,0
61,1
62,0
63,0
64,0
65,1
66,0
67,0
68,0
69,0
70,1
71,1
72,1
73,0
74,1
75,1
76,1
77,1
78,1
79,1
80,0
81,1
82,1
83,0
84,1
85,0
86,0
87,1
88,0
89,0
90,0
91,1
92,0
93,0
94,1
95,0
96,0
97,1
98,0
99,1
100,1
101,1
102,1
103,0
104,0
105,0
106,1
107,1
108,0
109,1
110,0
111,0
112,0
113,0
114,0
115,0
116,0
117,0
118,0
119,0
120,0
121,0
122,0
123,0
124,1
125,0
126,0
127,1
128,1
129,1
130,1
131,0
132,0
133,0
134,0
135,0
136,0
137,1
138,0
139,1
140,1
141,1
142,1
143,0
144,0
145,0
146,1
147,1
148,1
149,1
150,1
151,0
152,1
153,0
154,1
155,0
156,0
157,0
158,0
159,1
160,1
161,0
162,0
163,1
164,1
165,0
166,1
167,1
168,1
169,0
170,0
171,1
172,1
173,0
174,1
175,0
176,1
177,1
178,0
179,0
180,0
181,0
182,0
183,0
184,0
185,0
186,1
187,0
188,1
189,1
190,0
191,0
192,1
193,0
194,0
195,1
196,0
197,1
198,1
199,0
200,1
201,1
202,0
203,1
204,0
205,0
206,1
207,1
208,1
209,0
210,1
211,1
212,0
213,0
214,0
215,0
216,1
217,0
218,1
219,0
220,0
221,0
222,1
223,0
224,0
225,1
226,1
227,0
228,1
229,0
230,0
231,1
232,1
233,0
234,1
235,1
236,1
237,0
238,1
239,0
240,1
241,0
242,1
243,1
244,0
245,0
246,1
247,0
248,0
249,0
250,1
251,0
252,1
253,1
254,0
255,0
256,0
257,1
258,1
259,1
260,1
261,1
262,0
263,0
264,1
265,0
266,0
267,1
268,0
269,0
270,1
271,1
272,1
273,1
274,1
275,0
276,1
277,1
278,0
279,1
280,1
281,1
282,1
283,0
284,1
285,1
286,0
287,1
288,1
289,0
290,0
291,1
292,1
293,1
294,0
295,1
296,1
297,0
298,1
299,0
300,1
301,0
302,1
303,0
304,0
305,0
306,0
307,0
308,1
309,0
310,0
311,0
312,0
313,1
314,1
315,0
316,1
317,0
318,0
319,0
320,0
321,1
322,0
323,0
324,1
325,1
326,0
327,1
328,1
329,1
330,1
331,1
332,1
333,1
334,0
335,1
336,1
337,0
338,0
339,0
340,1
341,1
342,1
343,1
344,0
345,1
346,1
347,1
348,0
349,0
350,1
351,1
352,1
353,1
354,1
355,0
356,1
357,1
358,1
359,0
360,0
361,0
362,0
363,1
364,1
365,0
366,1
367,0
368,1
369,1
370,0
371,0
372,0
373,0
374,1
375,0
376,0
377,1
378,1
379,0
380,1
381,0
382,0
383,1
384,1
385,0
386,1
387,0
388,1
389,0
390,1
391,1
392,0
393,1
394,0
395,1
396,0
397,0
398,1
399,0
400,1
401,0
402,0
403,1
404,0
405,0
406,0
407,1
408,1
409,0
410,1
411,0
412,0
413,1
414,0
415,1
416,1
417,1
418,0
419,1
420,1
421,1
422,1
423,1
424,1
425,0
426,0
427,0
428,1
429,0
430,1
431,1
432,1
433,0
434,1
435,0
436,1
437,0
438,1
439,0
440,0
441,0
442,0
443,1
444,1
445,1
446,0
447,0
448,1
449,0
450,1
451,1
452,0
453,0
454,0
455,1
456,1
457,0
458,1
459,0
460,0
461,1
462,0
463,0
464,0
465,0
466,1
467,1
468,1
469,1
470,0
471,0
472,0
473,1
474,0
475,1
476,0
477,0
478,0
479,1
480,0
481,1
482,0
483,0
484,0
485,0
486,0
487,1
488,1
489,1
490,0
491,0
492,0
493,0
494,0
495,1
496,1
497,1
498,0
499,1
500,0
501,0
502,0
503,0
504,1
505,0
506,0
507,0
508,0
509,1
510,0
511,1
512,0
513,1
514,0
515,1
516,1
517,0
518,0
519,1
520,1
521,0
522,1
523,1
524,1
525,0
526,0
527,0
528,0
529,1
530,1
531,0
532,1
533,1
534,0
535,1
536,0
537,0
538,0
539,0
540,0
541,0
542,0
543,1
544,1
545,1
546,0
547,0
548,0
549,1
550,0
551,0
552,1
553,1
554,0
555,1
556,1
557,0
558,0
559,0
560,1
561,1
562,1
563,1
564,0
565,0
566,0
567,1
568,1
569,1
570,0
571,0
572,0
573,0
574,1
575,1
576,0
577,1
578,1
579,1
580,0
581,1
582,1
583,1
584,0
585,0
586,1
587,1
588,1
589,0
590,1
591,0
592,1
593,1
594,1
595,0
596,0
597,1
598,1
599,0
600,1
601,0
602,0
603,1
604,1
605,1
606,0
607,1
608,1
609,0
610,0
611,0
612,1
613,0
614,1
615,0
616,0
617,1
618,1
619,1
620,0
621,1
622,1
623,0
624,0
625,1
626,0
627,1
628,0
629,1
630,1
631,0
632,1
633,0
634,0
635,1
636,1
637,1
638,1
639,1
640,1
641,0
642,1
643,0
644,1
645,0
646,1
647,1
648,0
649,0
650,0
651,0
652,1
653,0
654,0
655,1
656,0
657,1
658,1
659,1
660,1
661,0
662,0
663,0
664,1
665,1
666,1
667,1
668,0
669,1
670,1
671,1
672,1
673,0
674,0
675,0
676,0
677,1
678,0
679,1
680,1
681,0
682,1
683,1
684,0
685,0
686,1
687,1
688,1
689,0
690,0
691,1
692,0
693,1
694,0
695,1
696,0
697,1
698,1
699,1
700,1
701,0
702,1
703,1
704,0
705,0
706,0
707,1
708,0
709,0
710,1
711,1
712,1
713,1
714,0
715,0
716,0
717,0
718,0
719,0
720,0
721,1
722,0
723,1
724,1
725,0
726,1
727,1
728,1
729,0
730,0
731,0
732,1
733,1
734,0
735,0
736,1
737,1
738,0
739,1
740,1
741,1
742,0
743,0
744,1
745,1
746,0
747,0
748,0
749,0
750,0
751,0
752,1
753,1
754,0
755,0
756,0
757,0
758,0
759,0
760,1
761,1
762,1
763,1
764,0
765,0
766,0
767,0
768,1
769,1
770,0
771,1
772,1
773,1
774,1
775,0
776,0
777,0
778,0
779,0
780,0
781,1
782,1
783,0
784,0
785,0
786,1
787,1
788,0
789,0
790,1
791,0
792,1
793,0
794,0
795,1
796,1
797,0
798,0
799,0
800,1
801,0
802,1
803,1
804,0
805,0
806,0
807,0
808,0
809,0
810,0
811,1
812,0
813,1
814,1
815,0
816,0
817,1
818,1
819,1
820,1
821,1
822,0
823,0
824,1
825,0
826,0
827,0
828,1
829,1
830,1
831,0
832,1
833,0
834,1
835,0
836,1
837,1
838,1
839,1
840,0
841,1
842,0
843,0
844,1
845,0
846,0
847,1
848,0
849,1
850,0
851,0
852,1
853,0
854,0
855,0
856,1
857,1
858,0
859,0
860,1
861,0
862,0
863,1
864,1
865,1
866,0
867,0
868,0
869,0
870,0
871,0
872,1
873,0
874,0
875,1
876,1
877,1
878,0
879,0
880,0
881,1
882,1
883,1
884,1
885,1
886,1
887,1
888,0
889,0
890,0
891,0
892,0
893,1
894,0
895,1
896,0
897,1
898,0
899,0
900,1
901,1
902,1
903,1
904,0
905,1
906,0
907,0
908,0
909,1
910,1
911,0
912,1
913,0
914,1
915,1
916,1
917,0
918,1
919,0
920,1
921,0
922,0
923,1
924,0
925,0
926,0
927,1
928,1
929,0
930,0
931,1
932,0
933,1
934,1
935,0
936,0
937,1
938,1
939,0
940,1
941,0
942,0
943,1
944,0
945,1
946,1
947,0
948,0
949,1
950,0
951,1
952,1
953,1
954,1
955,1
956,0
957,0
958,0
959,0
960,1
961,1
962,0
963,1
964,0
965,0
966,1
967,0
968,1
969,1
970,1
971,1
972,0
973,0
974,1
975,1
976,0
977,0
978,0
979,0
980,0
981,0
982,1
983,0
984,0
985,1
986,1
987,0
988,0
989,0
990,1
991,1
992,1
993,0
994,0
995,1
996,1
997,0
998,0
999,1
1000,0
1001,1
1002,1
1003,1
1004,1
1005,1
1006,0
1007,1
1008,0
1009,0
1010,1
1011,0
1012,1
1013,1
1014,0
1015,1
1016,0
1017,1
1018,0
1019,0
1020,1
1021,0
1022,1
1023,1
1024,0
1025,0
1026,1
1027,0
1028,0
1029,1
1030,1
1031,1
1032,1
1033,0
1034,0
1035,1
1036,0
1037,1
1038,0
1039,0
1040,0
1041,0
1042,0
1043,1
1044,0
1045,0
1046,1
1047,1
1048,1
1049,0
1050,1
1051,1
1052,1
1053,1
1054,1
1055,1
1056,0
1057,1
1058,1
1059,0
1060,1
1061,1
1062,0
1063,0
1064,1
1065,0
1066,1
1067,0
1068,1
1069,0
1070,1
1071,0
1072,0
1073,0
1074,0
1075,0
1076,1
1077,0
1078,0
1079,0
1080,0
1081,1
1082,1
1083,0
1084,0
1085,1
1086,1
1087,1
1088,1
1089,0
1090,0
1091,0
1092,1
1093,0
1094,1
1095,0
1096,0
1097,1
1098,1
1099,1
1100,0
1101,1
1102,0
1103,1
1104,1
1105,0
1106,0
1107,1
1108,1
1109,1
1110,0
1111,0
1112,1
1113,0
1114,1
1115,1
1116,0
1117,0
1118,1
1119,0
1120,0
1121,0
1122,1
1123,1
1124,0
1125,0
1126,1
1127,1
1128,1
1129,0
1130,1
1131,1
1132,1
1133,0
1134,1
1135,1
1136,0
1137,0
1138,1
1139,1
1140,0
1141,0
1142,0
1143,1
1144,0
1145,1
1146,0
1147,1
1148,0
1149,0
1150,1
1151,1
1152,1
1153,1
1154,1
1155,1
1156,1
1157,0
1158,1
1159,0
1160,1
1161,1
1162,1
1163,1
1164,1
1165,1
1166,1
1167,1
1168,1
1169,1
1170,0
1171,1
1172,0
1173,0
1174,0
1175,1
1176,1
1177,0
1178,0
1179,1
1180,1
1181,0
1182,1
1183,0
1184,1
1185,1
1186,1
1187,1
1188,0
1189,1
1190,0
1191,1
1192,1
1193,0
1194,1
1195,0
1196,0
1197,0
1198,1
1199,1
1200,1
1201,1
1202,1
1203,1
1204,0
1205,0
1206,0
1207,0
1208,1
1209,0
1210,0
1211,1
1212,1
1213,1
1214,0
1215,0
1216,0
1217,1
1218,1
1219,1
1220,0
1221,0
1222,1
1223,1
1224,0
1225,0
1226,0
1227,1
1228,0
1229,0
1230,0
1231,0
1232,1
1233,0
1234,0
1235,1
1236,0
1237,1
1238,1
1239,1
1240,1
1241,0
1242,1
1243,1
1244,1
1245,1
1246,0
1247,1
1248,1
1249,0
1250,0
1251,1
1252,0
1253,1
1254,0
1255,1
1256,1
1257,0
1258,1
1259,0
1260,1
1261,0
1262,0
1263,0
1264,1
1265,1
1266,0
1267,0
1268,0
1269,0
1270,0
1271,1
1272,0
1273,1
1274,1
1275,0
1276,0
1277,1
1278,0
1279,1
1280,0
1281,1
1282,1
1283,1
1284,0
1285,1
1286,0
1287,0
1288,0
1289,1
1290,1
1291,1
1292,0
1293,0
1294,0
1295,0
1296,1
1297,1
1298,0
1299,0
1300,0
1301,1
1302,0
1303,0
1304,1
1305,0
1306,1
1307,0
1308,1
1309,1
1310,1
1311,0
1312,0
1313,1
1314,0
1315,0
1316,0
1317,0
1318,1
1319,1
1320,1
1321,0
1322,0
1323,0
1324,1
1325,1
1326,1
1327,1
1328,0
1329,0
1330,1
1331,0
1332,1
1333,1
1334,1
1335,0
1336,0
1337,0
1338,0
1339,0
1340,0
1341,0
1342,0
1343,1
1344,0
1345,1
1346,0
1347,0
1348,0
1349,0
1350,1
1351,1
1352,0
1353,0
1354,0
1355,0
1356,0
1357,0
1358,1
1359,1
1360,0
1361,1
1362,1
1363,1
1364,1
1365,1
1366,0
1367,1
1368,0
1369,1
1370,0
1371,1
1372,0
1373,0
1374,0
1375,1
1376,1
1377,1
1378,0
1379,0
1380,1
1381,0
1382,0
1383,0
1384,0
1385,1
1386,1
1387,1
1388,0
1389,1
1390,1
1391,0
1392,1
1393,1
1394,1
1395,1
1396,0
1397,1
1398,0
1399,0
1400,1
1401,0
1402,0
1403,0
1404,1
1405,0
1406,0
1407,1
1408,1
1409,1
1410,0
1411,1
1412,0
1413,1
1414,0
1415,0
1416,0
1417,0
1418,1
1419,0
1420,1
1421,1
1422,1
1423,1
1424,0
1425,0
1426,1
1427,0
1428,1
1429,0
1430,0
1431,0
1432,1
1433,0
1434,1
1435,1
1436,1
1437,0
1438,1
1439,0
1440,1
1441,0
1442,0
1443,0
1444,0
1445,1
1446,0
1447,0
1448,1
1449,0
1450,1
1451,1
1452,0
1453,0
1454,0
1455,1
1456,0
1457,1
1458,1
1459,1
1460,1
1461,0
1462,1
1463,1
1464,0
1465,1
1466,0
1467,0
1468,1
1469,1
1470,0
1471,1
1472,1
1473,1
1474,1
1475,0
1476,0
1477,0
1478,0
1479,0
1480,0
1481,0
1482,0
1483,0
1484,0
1485,1
1486,1
1487,0
1488,1
1489,1
1490,1
1491,1
1492,0
1493,1
1494,0
1495,0
1496,0
1497,1
1498,0
1499,0
1500,0
1501,1
1502,1
1503,1
1504,0
1505,0
1506,1
1507,0
1508,1
1509,0
1510,1
1511,0
1512,0
1513,1
1514,1
1515,1
1516,0
1517,0
1518,0
1519,1
1520,1
1521,1
1522,0
1523,0
1524,1
1525,1
1526,0
1527,1
1528,1
1529,0
1530,0
1531,0
1532,0
1533,1
1534,0
1535,1
1536,0
1537,0
1538,0
1539,0
1540,0
1541,1
1542,1
1543,0
1544,0
1545,1
1546,1
1547,0
1548,0
1549,1
1550,0
1551,1
1552,0
1553,0
1554,0
1555,0
1556,1
1557,0
1558,1
1559,1
1560,0
1561,1
1562,1
1563,1
1564,0
1565,1
1566,0
1567,1
1568,1
1569,1
1570,0
1571,1
1572,1
1573,1
1574,0
1575,0
1576,1
1577,1
1578,0
1579,0
1580,1
1581,1
1582,1
1583,1
1584,0
1585,0
1586,0
1587,0
1588,0
1589,1
1590,1
1591,1
1592,0
1593,0
1594,1
1595,0
1596,0
1597,0
1598,0
1599,1
1600,0
1601,0
1602,0
1603,0
1604,1
1605,0
1606,0
1607,0
1608,0
1609,0
1610,1
1611,1
1612,1
1613,0
1614,1
1615,1
1616,0
1617,0
1618,0
1619,1
1620,0
1621,1
1622,0
1623,1
1624,0
1625,1
1626,1
1627,0
1628,0
1629,1
1630,1
1631,0
1632,0
1633,1
1634,1
1635,0
1636,0
1637,1
1638,1
1639,1
1640,0
1641,1
1642,0
1643,0
1644,1
1645,1
1646,0
1647,1
1648,0
1649,0
1650,1
1651,1
1652,0
1653,1
1654,0
1655,0
1656,0
1657,1
1658,1
1659,1
1660,0
1661,1
1662,1
1663,0
1664,0
1665,1
1666,1
1667,0
1668,0
1669,0
1670,1
1671,1
1672,1
1673,1
1674,0
1675,0
1676,1
1677,0
1678,1
1679,1
1680,1
1681,1
1682,1
1683,0
1684,0
1685,1
1686,1
1687,0
1688,0
1689,1
1690,1
1691,0
1692,1
1693,0
1694,1
1695,1
1696,0
1697,0
1698,1
1699,0
1700,1
1701,0
1702,1
1703,0
1704,0
1705,0
1706,0
1707,1
1708,1
1709,0
1710,1
1711,0
1712,1
1713,1
1714,0
1715,0
1716,1
1717,1
1718,1
1719,1
1720,1
1721,0
1722,1
1723,0
1724,0
1725,1
1726,1
1727,1
1728,1
1729,0
1730,0
1731,1
1732,0
1733,0
1734,1
1735,0
1736,1
1737,1
1738,0
1739,1
1740,0
1741,0
1742,1
1743,0
1744,1
1745,1
1746,0
1747,0
1748,0
1749,0
1750,0
1751,1
1752,0
1753,0
1754,0
1755,0
1756,0
1757,0
1758,0
1759,1
1760,1
1761,1
1762,1
1763,0
1764,0
1765,0
1766,1
1767,0
1768,0
1769,0
1770,1
1771,0
1772,1
1773,0
1774,0
1775,0
1776,1
1777,1
1778,1
1779,0
1780,0
1781,0
1782,0
1783,0
1784,0
1785,1
1786,1
1787,1
1788,0
1789,0
1790,1
1791,1
1792,1
1793,1
1794,1
1795,0
1796,0
1797,0
1798,0
1799,0
1800,0
1801,0
1802,0
1803,1
1804,1
1805,0
1806,1
1807,0
1808,0
1809,0
1810,1
1811,1
1812,0
1813,0
1814,1
1815,1
1816,1
1817,0
1818,1
1819,0
1820,0
1821,1
1822,0
1823,0
1824,1
1825,0
1826,1
1827,1
1828,0
1829,0
1830,0
1831,0
1832,1
1833,0
1834,1
1835,1
1836,0
1837,0
1838,1
1839,0
1840,0
1841,1
1842,1
1843,0
1844,1
1845,0
1846,0
1847,0
1848,0
1849,0
1850,1
1851,0
1852,0
1853,1
1854,0
1855,0
1856,0
1857,0
1858,0
1859,0
1860,0
1861,0
1862,1
1863,1
1864,1
1865,0
1866,1
1867,0
1868,0
1869,1
1870,0
1871,0
1872,0
1873,0
1874,0
1875,1
1876,0
1877,0
1878,0
1879,1
1880,0
1881,1
1882,0
1883,1
1884,0
1885,1
1886,1
1887,0
1888,0
1889,0
1890,0
1891,0
1892,0
1893,0
1894,1
1895,1
1896,0
1897,0
1898,0
1899,1
1900,1
1901,0
1902,1
1903,0
1904,1
1905,0
1906,0
1907,1
1908,0
1909,1
1910,1
1911,0
1912,0
1913,1
1914,1
1915,1
1916,0
1917,1
1918,1
1919,0
1920,1
1921,1
1922,1
1923,1
1924,1
1925,0
1926,1
1927,0
1928,0
1929,1
1930,1
1931,1
1932,1
1933,1
1934,0
1935,0
1936,1
1937,0
1938,0
1939,1
1940,0
1941,0
1942,0
1943,0
1944,0
1945,0
1946,0
1947,0
1948,0
1949,0
1950,1
1951,0
1952,0
1953,0
1954,1
1955,1
1956,0
1957,0
1958,1
1959,1
1960,0
1961,0
1962,0
1963,0
1964,0
1965,0
1966,0
1967,0
1968,0
1969,0
1970,1
1971,0
1972,1
1973,0
1974,1
1975,0
1976,1
1977,1
1978,0
1979,0
1980,1
1981,1
1982,0
1983,1
1984,0
1985,0
1986,0
1987,0
1988,1
1989,0
1990,1
1991,0
1992,1
1993,1
1994,0
1995,1
1996,0
1997,0
1998,1
1999,1
2000,1
2001,1
2002,0
2003,1
2004,1
2005,0
2006,0
2007,0
2008,1
2009,1
2010,0
2011,1
2012,0
2013,0
2014,1
2015,1
2016,0
2017,1
2018,1
2019,0
2020,0
2021,0
2022,0
2023,1
2024,0
2025,1
2026,1
2027,0
2028,1
2029,0
2030,1
